315
316
317
318
150
319
151
320
152
321
153
322
154
326
155
327
156
333
157
334
158
335
159
336
160
340
161
341
162
347
163
349
164
350
165
351
166
352
167
353
168
355
169
356
208
367
209
368
210
369
211
370
221
371
223
372
224
400
225
402
300
407
301
413
304
414
307
415
309
420
310
422
311
433
312
434
435
600
436
601
437
602
444
603
445
604
451
605
452
606
453
608
469
610
470
611
471
612
472
613
498
632
500
640
501
642
502
644
503
645
504
646
505
647
517
648
518
666
519
676
520
677
522
680
523
699
524
700
535
701
543
702
550
703
552
704
553
712
554
718
561
720
562
721
563
722
564
725
580
726
581
727
597
728
598
729
730
803
731
806
732
807
733
809
734
813
738
814
739
815
740
816
741
817
742
818
743
819
744
820
745
822
746
823
747
824
754
825
758
826
760
827
761
828
762
829
772
830
775
831
776
832
777
833
778
834
779
838
780
839
781
840
782
841
783
842
791
844
792
868
793
869
794
890
796
891
797
892
798
893
799
894
800
895
801
898
899
955
900
956
902
957
904
958
905
959
906
961
907
962
909
963
910
964
911
966
912
967
913
970
915
971
917
972
918
973
919
975
920
976
921
977
922
986
924
987
926
988
927
989
928
991
930
992
931
993
932
995
934
996
935
3011
936
3012
937
3013
938
3021
939
3022
943
3023
945
3024
946
3031
947
3032
948
3033
950
3041
951
3042
954
3045
3046
3731
3047
3733
3051
3740
3052
3743
3053
3746
3064
3747
3072
3750
3078
3752
3325
3753
3326
3755
3328
3756
3340
3760
3341
3761
3345
3765
3346
3766
3347
3768
3348
3770
3350
3771
3354
3772
3362
3773
3363
3774
3364
3776
3371
3777
3607
3778
3608
3779
3609
3781
3685
3782
3687
3787
3688
3790
3689
3799
3705
3801
3706
3802
3708
3803
3712
3804
3713
3805
3716
3806
3721
3807
3722
3808
3726
3809
3727
3810
3811
3839
3812
3840
3813
3841
3814
3842
3815
3843
3816
3844
3817
3845
3818
3846
3819
3847
3820
3848
3821
3849
3822
3850
3823
3851
3824
3852
3825
3853
3826
3854
3827
3855
3828
3856
3829
3857
3830
3858
3831
3859
3832
3860
3833
3861
3834
3862
3835
3863
3836
3864
3837
3865
3838
3866
